id: 785447
date: 2024-01-15
batch_size: 300
num_batches: 68
num_circuits: 20250
rep_len_tuples: [(4, 4), (8, 4), (12, 4), (4, 8), (8, 8), (12, 8), (4, 12), (8, 12), (12, 12), (1, 32), (3, 32), (5, 32), (1, 64), (3, 64), (5, 64)]
xangle_list: [3.334692258213779, 3.2628680884633394, 4.375044137974263, 3.795741473543883, 3.620737691490414, 3.488879834451563, 3.4696564935572156, 3.385052238222431, 3.495057993126514, 3.553853523931033, 3.16604601920686, 3.638364485851994, 3.3595365921032307, 3.9681705240128533, 3.9008845698156427, 3.123022017970877, 4.338474839540957, 3.794828012672414, 3.382697322190172, 4.004372503612421, 3.4943715519547096, 3.410035975031555, 3.876842627209492, 3.3161038169439614, 3.3196844080798207, 3.9341435693649642, 3.88359761436292, 3.6530161684481026, 4.110702513157838, 4.113410155441692, 3.402350907240882, 3.0654210104085164, 3.5848476291335496, 3.887306469872645, 3.4969743765970174, 3.990800335793587, 3.8179089887795374, 3.917772450138923, 4.31469039022233, 3.470700468299906, 3.8082895462337185, 3.2720206491564485, 3.519651795817115, 3.205759880459494, 3.475123519879728, 3.1044539109664986, 3.4984557197739643, 3.812032224577674, 3.800701241050649, 4.218494126720561, 4.0383470275096585, 3.6416521563818574, 3.5481150808404807, 3.759248049948629, 3.6049163452667297, 3.9720570180611805, 4.19407180009297, 3.5918515881328728, 3.1254999146747635, 3.1514449998053773, 4.010653290916491, 3.7525805946421324, 3.7758218918694526, 3.864986429051077, 3.1613533838921533, 3.5034578039085282, 3.404464091918279, 3.6063221151096925]
zangle_list: [4.23739377340207, 3.6464067064137544, 3.4392141713372073, 4.156808859009978, 3.442457100373165, 3.673174820487516, 3.9430651283428593, 4.285485259003143, 3.816500247714438, 3.564393357003984, 3.658530099883528, 3.870454390887417, 3.756922078301273, 3.835878896486502, 3.4867248571051808, 3.847909850989571, 3.4357041095786474, 3.326758449552571, 3.7468418893942004, 3.6711135895610596, 3.673232963163073, 4.013329810302886, 3.403902668725419, 3.109685320466674, 4.217930431001125, 3.9993694234573596, 3.327449238360286, 3.25991764008953, 4.2244769783306335, 3.4114061841074577, 3.5603256273655584, 3.799453331288751, 3.728081189316043, 3.778878903416446, 3.997602363002087, 3.577768026785476, 4.145145323033941, 4.072084995112875, 3.3936941657571276, 3.1760413334133024, 3.818904899031577, 3.9479981247046148, 3.550090416888099, 4.131265692584517, 3.562996038569309, 3.9672585883097122, 3.5511338479439223, 3.2471645154521003, 3.5161366929310285, 3.60747872368814, 3.4955992639578186, 4.094135546304669, 3.461359341811963, 3.227575494011645, 3.944293676679431, 3.522209172614108, 3.7463723156992272, 3.676343079278239, 3.2818986801731507, 3.386142352805213, 3.34296567923262, 3.710480126632994, 3.3847505510435374, 3.7017843345975305, 3.943512934205544, 3.7620034068400803, 3.3024007240389657, 4.090745938078372]
yangle_list: [3.379886349392923, 3.7853286765233425, 3.9351785219354394, 3.606406582058217, 3.9096073183345927, 3.6836364478004726, 3.370647387275129, 3.6898423591988774, 3.2840665550289487, 3.407628071879685, 3.347976362928093, 3.2027388701516353, 3.996572798810764, 3.3269072928802377, 3.195277741679304, 3.4837385325218944, 3.562378973757245, 3.6180759095599404, 3.4563312081979203, 3.852821743059302, 3.5249592118342368, 3.1239816666987057, 3.6572995320022117, 3.608323996240461, 3.1382476156552324, 3.8299212665301723, 3.764237331374644, 3.2620446086712365, 3.469830901433462, 3.4542830866250065, 3.5694303437883046, 3.5716650267331325, 3.366870334425463, 3.290666364746835, 3.907919757806558, 3.286034009604379, 2.9666183064778635, 3.5538115485454465, 3.9195018349413253, 2.9666332568926284, 3.385013540138843, 3.1624025330395273, 4.1597383804250425, 3.676229560447949, 3.8038867120741275, 3.4241211574578903, 4.009515833863085, 3.7637595428291846, 4.162507601573425, 3.5358660930984023, 4.013348919972868, 4.0087272675473145, 3.6730438648387795, 4.10618424701628, 3.948326828015136, 4.208673078903909, 3.9343212924392748, 3.240865857822538, 3.9335875365061974, 3.8808589624554806, 3.739613601139349, 3.41759402310634, 3.758554067395474, 3.6557527171071578, 3.5353337294237805, 3.7896736153499533, 3.0237859479398237, 3.286797532666676]
initial_z_rate: 0.001
initial_x_rate: 0.001
initial_y_rate: 0.001
