id: 268053
date: 2024-01-15
batch_size: 300
num_batches: 68
num_circuits: 20250
rep_len_tuples: [(4, 4), (8, 4), (12, 4), (4, 8), (8, 8), (12, 8), (4, 12), (8, 12), (12, 12), (1, 32), (3, 32), (5, 32), (1, 64), (3, 64), (5, 64)]
xangle_list: [1.0696335065674627, 0.8770989198642578, 1.5898593107468248, 0.6159074515851551, 0.7603865441022493, 0.6366597841385543, 1.2741480809078067, 0.9663516319142985, 1.6169985500833963, 1.0035864569013913, 0.9912678388627152, 1.2699488090460307, 1.3092392488427849, 0.7487306961351878, 0.9022726307541933, 1.5969564272430476, 1.0273569530700752, 0.9819263670802623, 1.3889761033357477, 0.46064817984871265, 1.4519606681296102, 1.328071016705611, 1.3482961411443104, 1.4065102577734332, 0.42519174263806736, 1.4565889813785298, 0.7597208081599662, 1.2557646569180836, 0.7021195820768442, 1.3878546261364102, 0.8801858297430183, 1.1856527456468198, 1.1583703679369972, 0.7697912557377873, 1.4085852204392617, 0.9015487718478679, 0.8243500877308079, 1.2898783769241362, 1.3532968561872134, 1.2985602891179133, 1.220784868591995, 1.2185055628954196, 1.4583013414252843, 1.527210941050975, 1.3923251252580637, 1.1245245124565555, 0.9251185684699396, 1.5268800882954254, 1.1091781609382882, 1.0732275756492065, 1.3694755841839368, 1.3551950653902682, 1.3950080289916058, 0.8822225849729122, 1.243044374719092, 0.8152107783432125, 1.6109818712834758, 0.9651767297322928, 1.1018449884387103, 1.6404030937422924, 1.6104728968122357, 1.0455121357247144, 0.9749689650224231, 0.8800868583587995, 1.13126185882348, 1.101000952471998, 1.369558374125207, 1.730631347464914]
zangle_list: [3.8453642976632296, 3.933029193974847, 3.5547335704579295, 3.60226996261944, 3.802847093188598, 3.8697920514870807, 4.197957785512806, 2.851875307493332, 3.1204567454331262, 3.894135433408648, 3.3848091897838866, 3.8668616075160225, 3.738918557977405, 3.6321108114937233, 3.818529513374932, 4.317512775787018, 3.433706349270732, 3.9840278124895594, 3.800178774330451, 3.5708966348815805, 3.8166529722961213, 3.501392075637219, 4.07329647446379, 3.088258425452782, 3.6062648201920613, 3.9016821384531233, 3.6812318560739925, 4.169118164740902, 3.8413816127073885, 3.5157731438044886, 3.591591365680735, 3.8072614631281545, 3.769814478043004, 3.8260972367964077, 3.489023665863745, 3.558078666678721, 3.6340404818010885, 3.57159887879857, 4.038616655335899, 3.0169576070917477, 3.883305463123015, 3.784754476891523, 4.351147936923896, 3.4138832532212002, 3.378773932904635, 2.8591023017548367, 3.6819645142534276, 3.799593200207249, 3.2838584523497847, 3.8507986155630967, 3.6869752699888423, 3.662591227732082, 3.645586957150876, 3.1721446868339123, 3.7913544412345335, 3.734143275148737, 3.5606579675118684, 3.1599983475310838, 3.708078857168514, 3.404958854635168, 3.669671534553517, 3.671021415944924, 3.703833266139216, 3.03643316275506, 3.186577711299831, 3.749355215842295, 3.664782129384503, 4.00707988707825]
yangle_list: [0.6709419034598022, 1.0213821291068546, 1.41850448685677, 1.2316101522185408, 1.3379032010630911, 1.599305366047064, 1.4521825340854426, 0.7117563243755702, 1.466792454971868, 1.4035137447072257, 1.3420153948648612, 1.191512939429769, 0.9889205306639336, 1.7862321137813004, 0.8775925542532416, 0.5388208925439746, 1.2273132020701265, 1.143990477006878, 2.028439183227222, 0.9060925536408737, 1.1251700192151173, 1.137721795915766, 1.6460712459801605, 1.1005317692042518, 0.9190792230230295, 0.8711156385831493, 1.3525245599585285, 1.0919959374073274, 1.2592979892540388, 1.0540643515390842, 0.6604847679708765, 1.5023669464830043, 1.223189865285979, 1.2764543957391195, 1.4894878816934378, 1.1136006156326106, 1.5773357917233242, 0.5210393122339788, 0.725477788805699, 1.309970922728374, 1.1898335884674263, 0.8512264763707817, 1.2077977718135844, 1.4374948021925924, 1.2233491165882964, 1.5110133684777083, 1.337698417317004, 1.5901870709998418, 0.8995793365353164, 1.8314628637671269, 0.837400379688374, 0.5805118147628875, 0.7938442029917212, 1.2003969349090038, 1.1680346919852216, 1.1102424372295192, 1.712050141315413, 1.131322313702699, 0.6676432030653321, 0.959878847866035, 1.0887923644727477, 0.7034093392467087, 1.3139364605312356, 1.085557643385419, 1.0682028005443944, 1.5534656882066182, 1.3575566155549863, 0.8419270003954433]
initial_z_rate: 0.001
initial_x_rate: 0.0001
initial_y_rate: 0.0001
