id: 268
date: 2024-01-18
batch_size: 300
num_batches: 68
num_circuits: 20250
rep_len_tuples: [(4, 4), (8, 4), (12, 4), (4, 8), (8, 8), (12, 8), (4, 12), (8, 12), (12, 12), (1, 32), (3, 32), (5, 32), (1, 64), (3, 64), (5, 64)]
xangle_list: [1.5878581144882264, 1.1726197060929564, 1.05606622949826, 1.1015023398561203, 0.9819422213077509, 1.1822520621369756, 1.4935519825052603, 0.9626608127507241, 1.3390008671711096, 0.8632096251222858, 0.8124551353490977, 0.914561812130729, 0.8152141431699278, 1.1279929161612983, 0.9818230326015669, 1.1744562273085575, 1.5238039505369905, 1.569382677911955, 1.3025673317720894, 0.9483735470244586, 1.2316167206971518, 1.4168573804273352, 0.777391971558993, 1.0640346137380097, 0.8482468303120005, 1.171569072398128, 1.4471316324446417, 1.4278427824351352, 1.0741914288146492, 0.8717593473283295, 1.165756029155957, 0.9536267536088705, 0.7249046314283529, 1.7653836940899756, 1.1408984113197522, 1.2701956141160788, 1.217860625295266, 1.122260033363946, 0.6543432258246613, 1.013780613346398, 1.6358930214330207, 0.9748066569558627, 0.6955711726743545, 1.1821654657015632, 0.9501264155317702, 1.5213770625608465, 0.7831911833323941, 1.1030748702437805, 1.4458057786896894, 1.1513252458556524, 0.37598378424770684, 0.8012719705173013, 1.286592693743207, 1.0056098100877153, 1.402766779830916, 1.0103033723593517, 0.9178558905522444, 0.9966126216892486, 1.3422431868221403, 1.080995381101753, 1.499426550310483, 1.170115181237088, 1.6884149808339504, 1.4092183189062657, 1.2827674802451394, 1.204083603304023, 0.5178255541713241, 1.147299184394593]
zangle_list: [3.373255998323045, 3.433234291499071, 3.6116048115049764, 4.031043532225805, 3.86649311626012, 4.031653719916868, 3.629950273639166, 3.751819775461316, 3.269865647913665, 3.4502370992697764, 3.7116945447537044, 3.6972999426749538, 3.564463871899238, 3.6602596106363254, 3.6854462673466695, 2.8947278156011333, 4.233284853193107, 3.9635556947777015, 3.379726757773572, 3.343444211304305, 3.7522571340104345, 3.8570043999304833, 3.592931548023208, 3.4076499047432094, 3.559839045351595, 3.929358717190893, 3.461611311576524, 3.440319782409209, 3.4856100856279215, 3.3634861710094732, 3.5454898583850603, 3.6773884116995768, 3.5670173622264554, 3.729281714634493, 3.243199942680719, 3.6076305073603825, 3.585555588799982, 3.4175796322852467, 3.7880980957931727, 3.3325442061400397, 3.3216563910393706, 3.0591747357424817, 3.53298767351051, 3.4235957775448815, 3.3812329877868086, 3.116714606351699, 4.099066496830259, 3.2191214196860414, 3.8167913107976075, 3.678424030032033, 3.6771157267057624, 3.6816972711320632, 3.4485495263814476, 3.4737237685775946, 3.6340417423884204, 3.791049267555827, 3.4849459149465183, 3.677482134801844, 3.634423043974751, 4.076097332533712, 4.018200813681972, 3.2069115507539894, 3.474545302078804, 3.5676413072118005, 3.5868998663863843, 3.617224541475424, 4.164536120715811, 3.573552963471602]
yangle_list: [0.9792745410067526, 1.217313029552829, 1.1862015101096206, 1.590014121498875, 0.9045129607087073, 1.2228001984047006, 1.3960991861626137, 1.6604994642502162, 1.0989642331079972, 0.7480270858315012, 0.8818849963287982, 1.250405173169694, 1.2176783087426428, 0.7663008860476078, 0.9285966859960079, 0.7739190066976169, 1.5632991783984895, 1.3576213410764315, 0.6401691737329256, 1.6352238424114491, 1.2274344649513165, 1.2079102923138312, 1.3481322028708695, 1.2166422698779988, 1.042015843624666, 1.0577470003933762, 1.1472632355461183, 1.2115549444190932, 0.4827559076596861, 1.219207899415776, 0.87162037794757, 1.7725572098062639, 1.0834893145331403, 0.9642707226855999, 1.2293741850915416, 1.2081628513694191, 0.9239446225794901, 1.0726848135051887, 1.1695320044630109, 0.7965994741320073, 1.4600784406600669, 1.1057699248985342, 1.204867127359316, 1.057976724626631, 0.9104598904163742, 1.4199098846914044, 1.0460402698947595, 1.7550742897085674, 1.385969408226032, 1.1001526685734206, 1.0528378892210772, 0.7996007530321954, 1.2864331768740165, 1.0209732099422875, 0.26887265937004556, 0.7357803164470054, 1.4840860696782225, 1.5197625925487277, 0.27806826160849873, 1.072777235176874, 1.1018141145734834, 1.1061703861116843, 0.8196007998863789, 1.3289643361675674, 0.4609882965734472, 1.5172631078449268, 0.7871900681340429, 1.1132346031940168]
initial_z_rate: 0.001
initial_x_rate: 0.0001
initial_y_rate: 0.0001
