id: 417855
date: 2024-01-18
batch_size: 300
num_batches: 68
num_circuits: 20250
rep_len_tuples: [(4, 4), (8, 4), (12, 4), (4, 8), (8, 8), (12, 8), (4, 12), (8, 12), (12, 12), (1, 32), (3, 32), (5, 32), (1, 64), (3, 64), (5, 64)]
xangle_list: [0.8760378172816414, 0.5208166693362641, 0.8094966231637625, 0.5427123628239925, 0.6380501536445139, 1.1936595281257936, 0.7347863839607435, 1.1255536891012812, 0.6724395886141857, 1.2520620110575198, 0.6040333485561422, 1.1899825371195427, 0.7369351885796678, 0.2668563939166795, 1.1042981250135353, 0.542584987630282, 1.0621118670660703, 0.7607023008142925, 0.3771421540206325, 0.7652259340683346, 0.8649549953393981, 0.7292641701609278, 0.6442039785188258, 1.5305349017028065, 1.2805386360901732, 0.8908761230713957, 0.7310992807108627, 0.7703865582288166, 0.6285808742442389, 0.6993473583791441, 0.7340883301975153, 0.5706971896956388, 0.9340549322200644, 0.837052779115866, 0.7617722778683085, 0.7607164782448901, 1.2195361364459827, 0.39300111649716457, 1.039056582840322, 0.5570579266832565, 0.8854397986235886, 0.6616768955272772, 0.07695676456412337, 0.5748268205953373, 0.833322741291539, 0.5497545155811621, 0.8792923595562603, 0.528753694832572, 0.5495699508070824, 0.8328218455193862, 1.188170621979501, 0.4227364046674827, 1.2067956937895365, 1.6269887716751747, 0.8324885157964131, 0.5051690228587276, 0.3319398033952415, 0.8614591525305444, 0.7753041334235473, 0.6054197788870526, 0.963188726222712, 0.8610700044363352, 0.4625808578363578, 0.9554414030359404, 0.692316915473284, 0.9972827218180754, 0.8426080082748321, 0.6984388771849762]
zangle_list: [3.6827743530182975, 3.792483236146807, 3.7386681067415837, 3.865989511696957, 3.557566899871315, 3.5478734819821716, 3.0875703106712558, 3.554659316962281, 3.843196163746254, 4.015799219086151, 3.3408336238768377, 3.699444191905502, 3.435951616066151, 3.3905394180435104, 3.7636881216817972, 4.188101599778161, 3.620443709293631, 3.513715417584321, 3.5164682914985113, 4.002279247303306, 3.703561770919473, 3.3815533294370725, 3.081359473699443, 3.27579250261664, 3.651120800120844, 3.6708729341226025, 3.4488878303205968, 4.152759374527468, 3.6780509204854006, 3.1334026189249897, 3.615244797822663, 3.498336341727761, 3.530425109186021, 4.01107910532555, 3.524149390055486, 3.9580967133254528, 3.6635162851705134, 3.8394391192059034, 3.2259341418823326, 3.6378597798776373, 3.647854205737392, 3.004352655483304, 3.832974016716063, 3.3876980893545308, 3.7560375921277576, 3.974096452402869, 3.1326125720939975, 3.487489594152646, 3.882208012049204, 3.592940751899113, 4.179213685724769, 3.50498756083217, 3.5758495834133677, 3.701280862608715, 3.050608947679881, 3.20257874705142, 3.3927596287329846, 4.340393975323479, 3.590175603868193, 3.3798829215225505, 3.969053626925757, 3.06374980186662, 3.5582583750092556, 3.5759546633294446, 2.897895268819994, 4.2110057089587976, 3.6028091307941206, 3.289777157559635]
yangle_list: [0.7366973735532861, 1.3001966692229536, 0.7943929012543093, 0.638909781282576, 0.5323862661276426, 1.188596112233724, 0.7002376826743125, 0.339047680030805, 0.8856524617093999, 0.40811935380389713, 0.6476879967867845, 0.8397332372492333, 0.8282338449499309, 0.5647514693179814, 1.1883035300850309, 0.48851298101250074, 1.0812781264989777, 0.9345067087150346, 0.8480667010286345, 0.5364999645697698, 0.8651219309724556, 0.8725780199844174, 0.18551074232303988, 1.347479601988686, 0.829478557452349, 1.2398537402129128, 0.5075220983822726, 0.6655958407786148, 0.8837855201900371, 0.9487482244052895, 0.6339590669923426, 1.0125876492819952, 0.7528579788490014, 0.8493096865465111, 0.5786730503801907, 0.8684620595289835, 0.6777096297258987, 1.1461503195614868, 0.5407728605748443, 1.054250148055262, 0.7428241567519248, -0.024741990972525163, 0.7994450862181702, 0.10129540798947023, 1.3051971295527207, 0.8965323055436194, 0.6199024694470876, 0.8663346119590074, 0.6156082245707175, 0.8219394537179443, 0.7672166445145907, 0.8165461050047106, 0.8823066223716436, 0.8419881385460427, 1.015695721405518, 0.6931054982461082, 0.5234406213078191, 1.242162849695081, 0.5214081993836926, 0.8911585033762216, 1.0927865520712134, 0.54666729698099, 1.0073373634424116, 1.0841572464781253, 0.5308125590042505, 0.6170929181118431, 0.48037326121286356, 0.9299629165914399]
initial_z_rate: 0.001
initial_x_rate: 5e-05
initial_y_rate: 5e-05
