id: 820082
date: 2024-01-15
batch_size: 300
num_batches: 68
num_circuits: 20250
rep_len_tuples: [(4, 4), (8, 4), (12, 4), (4, 8), (8, 8), (12, 8), (4, 12), (8, 12), (12, 12), (1, 32), (3, 32), (5, 32), (1, 64), (3, 64), (5, 64)]
xangle_list: [2.986937709631731, 3.903945574050567, 3.5511372007345074, 3.336639568914708, 3.7581643574440546, 3.6684282363517036, 3.8183874337407637, 3.668663034901268, 3.853971020864569, 3.6505237728046516, 3.653277412482034, 3.535950209845549, 3.777113495346644, 3.5566598511454717, 3.4338302723691143, 3.563443025865868, 3.6632264040467666, 3.520723170551664, 3.93422350507344, 3.946479287790563, 3.078350836214216, 3.1971535801996556, 3.3619737197403947, 3.857072476095504, 3.7572833711524645, 3.5770790759471494, 3.7458326037285548, 3.131046945139152, 3.5710511595237193, 3.870007374053169, 3.562535751217579, 3.6146551499117043, 3.7762727867102037, 3.812433678084461, 3.4760544369800925, 4.0975960973043835, 3.632870747578339, 3.5872381447430057, 4.0222857132662995, 3.6840828431984254, 3.735949511029494, 4.103144995661979, 3.7574815035939415, 3.3810094801519837, 3.6453477253498856, 3.717513811687012, 3.2011118015047075, 3.353101409954623, 3.5187492005235983, 3.8812502620946363, 3.3266793824977707, 3.822471275868499, 3.84460866087147, 3.894927541099571, 3.8086087921519187, 4.114492346482101, 4.4154431135129775, 3.512520163378954, 2.969945788874577, 3.713808742842962, 3.5663950372023847, 3.874585735004243, 3.037853161049309, 3.523049795433686, 3.9029126342178335, 3.399139984268628, 3.6269268893918674, 3.1420970147574634]
zangle_list: [3.9293876439491306, 3.990431814240839, 3.6155459893578485, 3.9360447479730607, 3.877741745810171, 3.8646552535629843, 3.5390732156707028, 3.8938933189056653, 3.9419534206931295, 3.241839403050108, 3.787020513495628, 3.5447289550261365, 3.5622279173739515, 3.6780274134851045, 3.298885379984311, 3.5672381102538955, 3.67830978994669, 3.570333943692771, 3.50482349161046, 3.576683288752021, 4.403211378934651, 3.811988948802452, 3.8452860514286646, 3.4529128193244394, 3.595111401309485, 3.2866294463530203, 3.9270464494553345, 3.7493839824064312, 3.486283415052522, 3.3117882105920087, 3.7380501598521465, 3.6559034820375107, 4.016044248957628, 3.5443464869943186, 4.020648248215928, 3.688042598038844, 3.111039687336813, 3.548450400385968, 3.3742330516814314, 3.792605660200995, 3.902844610734401, 4.025037610115344, 3.520930326318918, 3.7113852869186768, 3.6783089905937327, 3.3862301945664037, 3.390792748643178, 3.2170259899468823, 3.407554198379377, 3.690092504161014, 3.1986722635166873, 3.751809321478337, 3.8336479909382817, 3.8532369056811966, 3.4871063701868654, 3.796122272812375, 3.477142904720847, 3.471962762004988, 3.7045461318895114, 4.15220312368995, 3.2836242993210965, 4.044505853931944, 3.384072537448658, 3.9905638844003577, 3.382105207474835, 3.594919585206955, 3.376422193090223, 3.59184968958125]
yangle_list: [0.024657139254739387, 0.2250580962443274, -0.610565545950185, -0.09332250752332033, -0.09430718180579628, 0.014357289369475846, -0.2511708475528411, 0.1052422731339266, -0.4226494965286435, 0.2597847871821874, -0.5299529131221428, -0.15985713350306768, 0.15995053620717137, 0.3755821488340886, -0.46773873936139865, -0.03803049351834973, 0.14350855997985235, -0.7846061492072248, -0.18445013421133638, 0.19252506529789662, 0.5183358313232586, -0.4588802989750485, -0.18211244071854352, -0.13105596439095632, 0.02493264290036955, -0.5808319289296621, 0.3817778419805255, 0.18905638632091845, 0.015540335590872263, -0.1370261641081899, -0.03172167336605801, -0.16875930593521396, 0.28198852466474306, -0.06507850207504794, -0.35076724802373604, 0.030874823519248598, 0.3560846293675649, -0.10469270852655473, -0.2086841673907655, 0.5117531610730284, -0.3329334043861729, 0.15643860146533148, -0.8219589303216074, -0.27454111987520047, -0.1375649496045565, -0.11716837387769034, 0.06825637216325542, 0.09460354424170843, -0.33363411980632884, 0.011682027625608934, -0.18857200166043747, -0.16166863352615565, -0.2598721070875939, 0.2952752260617574, -0.15669625963447545, 0.4088633296833783, -0.1530578925217256, 0.13883175610162615, -0.16595061936804226, 0.007007915051389253, -0.10876587533522124, 0.040805623663598106, 0.028199314597372478, -0.22994244931918945, 0.31858410770700707, -0.12161741444753751, -0.4130284542879868, 0.9155225798045161]
initial_z_rate: 0.001
initial_x_rate: 0.001
initial_y_rate: 0.0
