id: 604053
date: 2024-01-18
batch_size: 300
num_batches: 68
num_circuits: 20250
rep_len_tuples: [(4, 4), (8, 4), (12, 4), (4, 8), (8, 8), (12, 8), (4, 12), (8, 12), (12, 12), (1, 32), (3, 32), (5, 32), (1, 64), (3, 64), (5, 64)]
xangle_list: [1.3418575186357775, 1.2700673220113752, 1.0891155585432604, 1.0482818230838626, 1.4900031599603514, 0.9400666062444368, 1.2900321508834904, 0.8559439408641828, 0.9312487862580499, 1.685102628480604, 1.0666488943017687, 1.0085054832368938, 1.325161390105177, 1.2478659018661518, 1.2968855680251954, 1.3876215045120832, 1.2929302305039894, 1.3794543152749388, 1.510880860358738, 0.6302655137866766, 0.8267561407678434, 1.043387482708699, 1.9138803175910417, 0.3679753387359437, 1.8111162171955182, 0.9075752535355772, 1.2442996737528997, 1.4103451606703339, 1.5223262229179957, 1.2622310685323328, 1.5897879732557931, 1.1259967456402378, 1.2671685837135471, 1.3281078494926664, 1.3759087000891252, 1.1180265412495438, 1.342565801420061, 1.597612030115656, 0.7344474673792356, 1.1594133733813725, 1.330442356742932, 1.3706015635874997, 1.6020682121624876, 1.4341376151572542, 1.352033477066176, 1.3310592177038623, 1.1586561135906874, 1.6617580519745663, 1.2263747387243438, 0.956854390834789, 1.2218004428250517, 0.8079841486563915, 1.083496361544364, 1.087982287333087, 1.0651702164139825, 1.746591241920965, 1.1496798842213953, 1.7460444461183737, 0.946005868745521, 1.9508678313515841, 1.3376741698534402, 1.2522953504344798, 2.1430180958868714, 1.148380945120823, 1.0840193694686309, 1.1587355789662515, 1.0768729152151009, 0.7602601902716482]
zangle_list: [3.6457806998593774, 3.824705792741136, 3.82042035551927, 3.856672233507192, 3.5063108077039926, 3.941851688835694, 3.0115705395380035, 3.892640909703202, 3.695765719657883, 3.397875079251062, 2.7790832397769107, 3.2491243884433922, 3.9166489621732055, 3.1812324320250283, 3.702419805777657, 3.2514869758326546, 4.372675798557895, 3.724057325829195, 3.6598701858376543, 3.7460406878418318, 3.5058441455630907, 3.840978056291082, 3.818168180664152, 3.2532283587681627, 3.135311943515463, 3.403137449323854, 3.3939705775976106, 3.5581930663402237, 3.849313334427092, 3.5338683590108864, 3.4882172650782586, 3.9364992543479853, 3.5805842859749317, 3.7908782201624884, 3.320769876825521, 3.9481770933756284, 4.157729301883603, 3.1352713115355706, 3.6603981710988798, 3.3977682428500344, 3.4266847579309934, 3.533212580491681, 3.6157787921902074, 3.4392965582071815, 3.6779099939422086, 3.621217501318618, 3.1275407886624067, 3.6357206993864213, 3.5247579740361705, 3.108680689746775, 3.528353624175363, 3.806084932499417, 4.197478650659293, 3.6290778287392964, 3.4431193675532312, 3.8216339086952096, 3.4287867590696686, 3.7277744631083336, 4.231012244136664, 3.280287283658771, 3.3176210436791957, 3.497033759996734, 4.130344296199109, 3.605606470733101, 3.7791243832534884, 4.227813814171742, 3.5550310452856313, 4.069001393631888]
yangle_list: [0.8187816597005922, 1.1477430323472722, 1.3771948509427814, 1.3274917942653102, 0.804513670795922, 1.2370030017828433, 1.3115751546120153, 1.40904610893387, 1.011815489334508, 1.4869401633390444, 1.2809457931687112, 1.5639617398403074, 1.9490437784023635, 0.7381841255911246, 1.2719660296031365, 0.4646420131927198, 0.8320328928772269, 0.7374636297534554, 1.5013228402828815, 0.9074280447484718, 1.12931247471698, 1.5628940767564474, 1.3777981353282551, 0.9112964286915354, 1.1367681776731378, 1.052738517428167, 0.8866330710980277, 0.92289154838622, 0.7965016563743457, 1.1027875447122106, 1.0066809740342795, 1.1991448662329964, 1.4836160689223135, 1.278351485220301, 0.9707225040173765, 0.8968164470565012, 1.1052373639900077, 1.487323721693379, 0.87449403777477, 1.5430374052137217, 1.2699297273073396, 1.4464073730837037, 0.8338629581964963, 1.3222588626271274, 1.6299572363888661, 1.2784672235961, 1.3419321625114367, 1.5621314483265087, 1.4972181738440036, 1.2713159899262365, 1.0741761572937076, 1.3871694016584186, 1.557801284578052, 1.1429934555817576, 0.9377550817424698, 0.9155193804451265, 1.0869531532578622, 1.0577811005895525, 1.1655303763143245, 1.3525315036340007, 1.5438694981067616, 2.2801771465249128, 1.144606088699692, 1.5019978976295905, 1.2077097080717734, 0.993996292509776, 1.01764261690186, 0.7526623065554439]
initial_z_rate: 0.001
initial_x_rate: 0.0001
initial_y_rate: 0.0001
