id: 662030
date: 2024-01-15
batch_size: 300
num_batches: 68
num_circuits: 20250
rep_len_tuples: [(4, 4), (8, 4), (12, 4), (4, 8), (8, 8), (12, 8), (4, 12), (8, 12), (12, 12), (1, 32), (3, 32), (5, 32), (1, 64), (3, 64), (5, 64)]
xangle_list: [3.0613458539068104, 3.3684729899018753, 3.9611721866366567, 4.265571435240956, 3.6786204370341125, 3.7525044440295163, 4.357802055110489, 3.357519853138185, 3.735567691672289, 3.9065584020612043, 4.128314635281238, 3.216944854139866, 3.70705065014686, 3.266356035848585, 3.9857301949123, 3.136079615400363, 3.7324403628346303, 3.6237593790064455, 4.318410412516964, 3.498382228815249, 3.54930791116707, 3.6140247263044194, 3.42099791957962, 3.788893193800846, 3.317737112097729, 3.4030051493559785, 3.3056398794076456, 4.124901610040212, 3.4021443047238793, 3.713088963780651, 3.392759296276548, 3.6662794159759082, 3.0281926560476053, 3.5839034268373733, 3.806113865904534, 3.7180915937413714, 3.644893308402428, 3.8073118771767933, 3.3669742389344144, 4.087064943431168, 3.269740395501149, 3.6676732857403707, 3.611783159418737, 3.6728955260629035, 3.548582361828439, 3.2010229786853954, 3.711068472075739, 3.634686722753151, 3.982988396927973, 3.6073548956188577, 3.7566272873569795, 4.09221436909179, 3.500280600948936, 3.7955192347616755, 3.77283706789713, 3.330192614940997, 3.601612870110402, 3.299786303991985, 3.4407975169777996, 3.360573139672033, 3.6498089636273017, 3.8900273681136666, 3.5718199338285412, 3.8040072746567817, 3.485596991523739, 3.761822764552993, 3.263576096331781, 4.054975013213883]
zangle_list: [3.7499197976163057, 3.8364288963216064, 3.5462230972482804, 3.7568168981513987, 3.352509154311412, 4.097851313295958, 3.539471721860765, 3.922408356525599, 3.783503956964553, 3.7512350385897473, 4.03390496425714, 3.819227621254669, 3.363965828269212, 3.5809831623660324, 3.8105417738919782, 3.740035410462847, 4.041207449055566, 4.07903886499055, 3.5950327933756676, 3.3696574796968495, 3.52718903355841, 3.7177849570111516, 3.4707896194695986, 3.8733801409067836, 3.591558194635919, 3.362706102083944, 3.877539810126678, 3.3375048850802873, 3.254820651331825, 3.7674403565467336, 3.788546614810783, 3.651051722142359, 3.688526031307993, 3.4675872383195645, 3.6132834761329287, 3.8741168258638594, 3.1436537336569246, 3.6094549722175246, 3.147683074043553, 4.130641392475368, 3.580995346792329, 3.5037858023798174, 3.349564466692951, 3.460619148080693, 3.319272067361109, 4.090679592508968, 3.7212610488102307, 4.344452173291987, 3.011087307956144, 3.1674841876970716, 3.3223155662063006, 4.225512173262767, 3.8095497910004523, 3.4945381941757065, 4.060877503043211, 3.6629006356493483, 3.659939391455582, 3.798727400265763, 3.7306315785746342, 3.5518991182587984, 4.07460709927862, 3.614041318677365, 3.6570343094778126, 3.144627415661901, 3.6852658574492154, 3.40545231751622, 3.454752673572096, 3.5642142127127894]
yangle_list: [2.9197078399116205, 2.9577313684026327, 3.9650995953200403, 3.662790784507398, 3.3894403573963965, 3.8824228040622937, 3.468885533409716, 3.5591818876940273, 3.682338449089088, 3.586783206020262, 3.7255184334852, 3.4281709280497714, 3.025465504493228, 3.9550130160769763, 4.328231676094025, 3.6981746765645767, 3.1053246795171163, 3.853994821668167, 3.3552162697933445, 3.6201275309870136, 3.5405984407354154, 3.485729436607448, 3.5933706005616113, 3.573902655662784, 3.3130804454918934, 3.648021026498872, 3.378683154691861, 4.040735189629395, 3.5570648062373875, 3.613448658017227, 3.3407484750522114, 3.6570899040381835, 3.886440101642123, 3.567792578101176, 3.1527518680273987, 3.6902875812901303, 3.527371072426809, 3.0862558162122347, 3.6702626406320755, 3.4707084785595783, 3.5594452911811296, 3.686693480515517, 3.63446621974453, 4.129447224898382, 3.5685378547517983, 3.831079248327473, 3.888264206735486, 4.097949450333978, 4.027427900445305, 3.586249568701753, 3.398829401649457, 3.496547789230788, 3.993366365121564, 3.6581506167847238, 3.1687935454713054, 3.011603156948911, 3.395406325703933, 4.294094346970652, 3.3924458984603043, 3.54236636587844, 3.5127755449850255, 3.1500319048566614, 4.073567276076585, 3.8326506609156787, 3.9249910207255234, 3.885860218558294, 4.008187642676178, 3.9447698816033845]
initial_z_rate: 0.001
initial_x_rate: 0.001
initial_y_rate: 0.001
