id: 17961
date: 2024-01-15
batch_size: 300
num_batches: 68
num_circuits: 20250
rep_len_tuples: [(4, 4), (8, 4), (12, 4), (4, 8), (8, 8), (12, 8), (4, 12), (8, 12), (12, 12), (1, 32), (3, 32), (5, 32), (1, 64), (3, 64), (5, 64)]
xangle_list: [1.3043034269092846, 0.6249572333213163, 1.0678395419734275, 1.263950470475215, 1.3537254888669157, 1.0861188565373905, 1.495625118834829, 1.6336846205601496, 1.1714824284279763, 1.141684446451479, 1.2284134560220759, 1.0021982438203254, 1.6921354956150847, 1.2229276841199692, 1.1443975622674003, 1.3796799372952928, 0.8649577546912612, 1.2310155667074494, 1.3286466838730062, 1.0513695214932777, 0.992372542331222, 1.304699270472796, 0.9233505415393638, 1.2191950667897054, 1.382322086453191, 1.725815936576722, 0.963959324593275, 1.282560847041047, 1.1917458984186606, 1.3158698578608634, 1.278054963745178, 0.9447256980098614, 0.8385232357091492, 1.2153057839977337, 1.4196768288520143, 1.279242046592128, 0.9129021764565592, 0.9468248903941817, 0.9579769520966731, 0.7610956879024088, 1.176447507580891, 1.1929822797138048, 1.770560090626799, 0.6816912421959894, 1.1757564734993167, 1.02680950620892, 0.9592540937687052, 1.319260890176658, 0.7726675455659486, 1.4075382756592412, 1.3239557076543003, 1.1858014298968664, 0.8599853783742877, 0.7099839240543429, 1.4607076533977772, 1.6455592291876249, 0.9744292642224326, 0.624339418441121, 0.8398498905713574, 1.5225931458268371, 0.9550060499598636, 1.0263205631521664, 1.3361896835328533, 1.0538438929276717, 0.750522600582771, 0.6727398189835871, 1.3722967629329605, 1.103270452721253]
zangle_list: [3.9630135569430704, 3.711701535225488, 3.1045837353203307, 3.436560554576858, 3.8023999051958275, 3.229025649046129, 3.663577497022021, 4.270346139262051, 3.887584049295663, 3.9473756922170216, 3.7480883318096616, 3.5456825423139957, 3.494898127617335, 3.7422964173001243, 3.562752274608949, 3.726877697641624, 3.55979809461933, 3.847135000021197, 3.5276920499058066, 3.457692936293009, 3.343439251836267, 3.8134181096972704, 3.5880328000237642, 3.178644476399612, 3.702246576634017, 4.089699504533231, 4.110992905384299, 3.9417860235659137, 3.6479382422364424, 3.927802862497685, 3.79486482457319, 3.418623283503144, 3.5114402274678507, 3.763109711348223, 3.670043834476159, 3.1451604095083447, 3.598484042928078, 3.6434357022168373, 3.602218722633966, 3.5736100215715214, 3.695204879492845, 3.0799879101439998, 3.7517774847941383, 3.4615834570272006, 3.8299119522853764, 3.0581321304637736, 4.240474758523164, 3.723289951181495, 3.4402620030971884, 3.589346366121466, 3.715860778467549, 3.6167987603585785, 4.4681102766170655, 3.8975261405700037, 3.863391827461334, 3.882425072937647, 3.5699957750839513, 3.0577682056283684, 3.379703342884823, 4.124679690503046, 3.988448445255227, 3.2081207665356226, 3.842835428104531, 3.028172220023114, 2.9043904510495517, 3.495520207442444, 3.5653372100364353, 3.1809608291489604]
yangle_list: [3.7585996863836955, 3.8445931519085113, 3.206329526157659, 3.51362389183434, 3.8871591969214894, 3.552755419324792, 3.792333284530811, 3.7803751516893183, 3.8903113149940163, 3.370114083207489, 3.787745499136921, 3.7314136437390695, 3.379113857694886, 4.126377568496441, 3.733666032887596, 4.225974841400438, 3.6879480171489134, 4.042985037126681, 3.887261894262333, 4.421393785970838, 3.9505638216182417, 4.146258446638271, 3.1089344867703796, 3.8782042466155406, 2.976041915011521, 3.7662051109826926, 3.6801127977943775, 3.594673301542415, 3.579515364389056, 3.6685771526102666, 3.8033039735249687, 3.7532034851026643, 3.6025290436845876, 3.8677406984396874, 3.6058635020669043, 3.7796754182954793, 3.2648739724912903, 3.9352193363161145, 3.5650020509742553, 3.9873190757431383, 3.7156456800539934, 3.5784954798530246, 3.712108539767689, 3.5190205027307573, 2.820897341870978, 2.921758476455885, 3.986349460305631, 3.9073122926534936, 3.4771923865759176, 3.76086314749959, 3.222819204859166, 4.300297561827343, 3.652025998651387, 4.02979248057267, 3.5999099180911966, 3.868999966428388, 3.5038107478099416, 3.8658917544363653, 3.575913842969, 3.1478204551618783, 3.5443864851238516, 3.3029800878897437, 4.05826178578989, 3.285523784912802, 3.56854220528762, 3.7432915941790035, 3.3375773158393565, 3.4220357347335213]
initial_z_rate: 0.001
initial_x_rate: 0.0001
initial_y_rate: 0.001
