id: 882106
date: 2024-01-15
batch_size: 300
num_batches: 68
num_circuits: 20250
rep_len_tuples: [(4, 4), (8, 4), (12, 4), (4, 8), (8, 8), (12, 8), (4, 12), (8, 12), (12, 12), (1, 32), (3, 32), (5, 32), (1, 64), (3, 64), (5, 64)]
xangle_list: [4.119118910034883, 3.8286198695533753, 3.5603933293397527, 3.546715140024518, 3.3876964621247847, 3.9294602424063165, 4.11830709201899, 3.51842675966366, 3.624451993424313, 3.138508109857637, 3.8358599253452126, 3.3968444287290356, 3.6206880778855255, 3.9580010596442006, 3.3744093836653857, 3.1111613121264576, 3.124766912642874, 3.6405603996162696, 3.494702535216985, 3.656401416509977, 3.3594412975095933, 3.920224761236975, 3.6852631679316366, 3.552339651682857, 4.125559487660186, 3.8868653676147895, 3.6121768581092977, 3.6616663300519465, 2.9715717833779394, 3.8995369924795193, 3.50060032672455, 3.8514928190841053, 3.965403986497542, 3.758341737244442, 3.7800797575601797, 3.623077373501174, 3.8270027018097177, 3.4501488433942833, 3.9520661848641963, 3.076536041870507, 3.560686855885604, 3.7246818975381206, 3.700337572471409, 4.114698209123782, 3.4986735620172262, 3.9999239335717385, 3.7460199943496284, 3.7932837732678206, 3.2906742072107256, 3.8293459797013654, 3.6548477276445195, 4.052750814550654, 3.3337265738508775, 3.6885996163304573, 3.7635802253941106, 3.0108387453873435, 3.2612492075677197, 4.048939839539578, 3.767090802724594, 3.4931688047449727, 3.5720380065395214, 4.0921365121521305, 2.9859119683312794, 2.967476527193779, 3.184904487747805, 4.149370556212683, 2.94613972146488, 3.638845456959128]
zangle_list: [4.404393043407827, 3.574514816329558, 3.7903008955008874, 3.678338891933936, 3.405850138240224, 3.1948432793256063, 3.5053195398947654, 3.287447754913401, 3.6209677279594747, 3.33263391880543, 4.180647826029096, 3.240210850294337, 3.660511901106141, 3.41174324259064, 3.4925941420562383, 4.1617546839259125, 4.020483772556421, 3.437516989844814, 3.488038318906272, 3.7258243748701694, 3.918647708170246, 3.7401272675606965, 3.974421991617897, 3.238914542503536, 3.7784726506941, 3.628140079245366, 3.3792543507963515, 4.298367053079128, 4.09375024993516, 3.296743739624133, 3.895190674799793, 3.4726877260372744, 3.5977285016223806, 3.1797993602520718, 3.6525021178341275, 3.323863301756163, 3.7883476209093114, 3.868386700848224, 3.6615317749016154, 3.425650264334297, 3.466959140347679, 3.947375534049096, 3.6846611086092143, 3.466778479291866, 3.554663864362284, 2.9549712170620306, 3.665388655574187, 4.082973214071352, 3.4795089832282073, 3.632244010993953, 3.9370903461192954, 3.4879370548671673, 3.8073670310370975, 3.6278001319948068, 2.7861952473496854, 3.532803410539772, 3.9995069655651196, 3.7491332621219082, 3.907842458335929, 3.6020864479788104, 4.3166137985305735, 3.651981967214249, 3.9487803956397043, 3.9357264619131076, 3.5014315626055814, 3.6685347851533154, 3.4772954658935062, 3.6929914570571514]
yangle_list: [-0.07995171220731119, -0.11158938181617144, -0.14952133998225173, -0.534188245825872, 0.20082200215618187, 0.2916241509835276, -0.1142535215254077, 0.08099379557267086, -0.03516180772389886, 0.13014615874354724, 0.1389472264604933, 0.010264575392003459, -0.3956612995454308, 0.17284835361318324, -0.36069796079636224, -0.24581800505379206, 0.21078532437802064, 0.1853300595081356, -0.1149690431488994, -0.45300866457183414, 0.6075553159058177, -0.008593584707128843, 0.030480472927455315, 0.4328252059027657, 0.39417471696956435, -0.073263809195776, 0.2566735487192789, 0.35368860645896966, -0.5666144513823619, 0.09251174446332779, -0.10432358018107957, 0.22659664381928224, 0.034576039809947307, 0.4869448531977674, -0.2947507204266347, -0.1511870466508601, 0.355899069912764, -0.1795367655943874, 0.07032764427571475, 0.013890014072934439, -0.12188468659738946, -0.11886179458759857, 0.8431615114015396, -0.12518097438941406, -0.5206450607297413, -0.06649853969272453, 0.011249741761289117, -0.5175289879828494, 0.16747278804869956, -0.03439871332863277, 0.5624304800525646, -0.14263233784272247, 0.3454447470540052, -0.6652313111903597, 0.6066855876356337, -0.1757809254395012, -0.19649356238197976, -0.09359333437153752, 0.7003503670768408, -0.2533440349948384, 0.13775497517465074, 0.03159291309551295, -0.14909212921028, 0.15319773561099753, 0.08958665913356782, 0.04079874406862165, 0.27478456870180323, 0.023349876872735414]
initial_z_rate: 0.001
initial_x_rate: 0.001
initial_y_rate: 0.0
