id: 354368
date: 2024-01-15
batch_size: 300
num_batches: 68
num_circuits: 20250
rep_len_tuples: [(4, 4), (8, 4), (12, 4), (4, 8), (8, 8), (12, 8), (4, 12), (8, 12), (12, 12), (1, 32), (3, 32), (5, 32), (1, 64), (3, 64), (5, 64)]
xangle_list: [4.0904292647494405, 3.5683380592920693, 3.427643313759653, 2.863568971032127, 3.3744725255591783, 4.049406219131843, 3.648788420999449, 4.046135984678225, 3.7591693782114097, 3.7598793022578194, 4.047455819119963, 3.465754143735238, 3.656224226084742, 3.64638179760132, 3.4606321462123613, 3.5569688700847486, 2.8581465005089957, 4.111475573113541, 3.694850917580743, 3.345918510457013, 3.9628918932717805, 3.7019969069838554, 3.738435064857078, 3.8331806226355885, 3.5106859579029157, 4.043913927610756, 3.4738865097655465, 4.006626983655747, 3.7245256685566455, 4.070366871073633, 3.477953431645848, 4.0410461792537475, 3.3533202103030257, 3.7486699816268563, 3.880650878840832, 3.969299371616321, 4.069583309291104, 3.2952329119771218, 3.767747072991906, 3.779608756469158, 3.7080675860325227, 3.405964540426914, 3.810014517714715, 3.2843586729653227, 3.636556185939474, 3.7292111642234373, 3.7808512715248117, 3.2599202816619357, 4.006696616859262, 3.335422465460235, 3.6445566508692537, 3.415007457936493, 3.645800730952531, 3.2298702854403123, 3.789710910674512, 3.9483455313642324, 3.214909333905914, 3.3083482299234253, 3.6785261960542908, 3.5787696189832037, 3.5331853069269674, 3.0932754211352758, 3.3452817348722284, 3.617006798767556, 2.9418623673777633, 3.986652781905882, 2.822434788211413, 3.3255753881570422]
zangle_list: [3.670856458900292, 3.3816232253525533, 3.4923515260520555, 3.953437720533274, 3.3615650309048872, 3.2134001850557774, 4.233478239372911, 3.2979087082474945, 3.547752742697132, 3.9076835557948035, 3.6468903842992004, 3.9472827023489723, 3.7761279796151395, 3.5854231206999883, 3.1908762467405034, 3.197285300084185, 3.525502949480944, 3.5403132531427057, 3.5301878542637573, 3.7438999340247943, 3.3961276644466616, 3.696189833435484, 3.6748227805234923, 3.628297653273048, 3.767715345110151, 3.506237717084593, 3.6102901756636294, 4.218292871079907, 4.076226807026327, 3.33745632716123, 4.1366543994104035, 3.432112311440411, 3.293001836330136, 4.091599242942191, 3.4578130927746935, 4.258185800948854, 3.877073338038575, 3.514130097411782, 3.802577522599455, 3.5434374362694236, 3.2935289212580217, 4.148253787589288, 3.653125765216781, 3.5677573392905204, 3.692345247623874, 3.7244646954261618, 3.4980419326549237, 3.8752708396643514, 3.053539773117365, 3.9249108165786977, 3.5047297854472226, 3.640507284693001, 3.083463427181778, 3.8736848622636755, 4.032265543322391, 3.6205547810484533, 3.011192388718898, 3.8911356619778847, 4.060252530533748, 3.6576142302146053, 3.353711015430272, 3.4377430595289677, 3.8872600013241216, 3.6960747236701628, 3.707164841525038, 3.5639295115056266, 3.755684537320465, 3.8446099565185503]
yangle_list: [3.677051555363409, 3.357489924866085, 4.2456087380076335, 3.364050095240589, 2.966613276756808, 3.311136741440938, 3.2271932263230867, 3.618624481621353, 3.7955378248433576, 3.7796431082418565, 4.048542831208198, 3.51306909661321, 3.9433158696266544, 3.863436223723555, 3.298651104664082, 3.5247309924231676, 3.4093371241113366, 3.87148375154922, 3.5642425684742345, 3.9831192775375905, 2.7791982226154235, 3.7191143435158787, 3.4096261362502847, 4.152659363685684, 3.79130956036788, 3.991196229840969, 3.5929256161874634, 4.2395270784844445, 3.1128671973877795, 3.8029923841038764, 3.889535977220662, 3.6494390690792486, 3.940354367807553, 4.136608863997916, 3.506612220394106, 3.4533241207910965, 3.3850766190116524, 3.4609121351142096, 4.014708646801276, 3.4903755235297744, 4.021642968035457, 3.0014110102568385, 3.4542370169992127, 3.585488460001909, 3.5969219922497584, 4.151897355410584, 3.4225398354833723, 4.007257855424829, 3.543594259373841, 3.918853083940718, 3.5191818272112227, 3.497747724567947, 3.662566780692342, 3.18629065531909, 3.49803118165819, 3.903410863814438, 3.479448418649068, 3.509952725438014, 3.358743415955335, 3.379948878055361, 3.755317717791245, 3.2906369304801553, 3.8805861246423947, 3.1124061476314404, 3.3859365838938604, 3.538574701143269, 3.707428482916493, 3.4158041366946144]
initial_z_rate: 0.001
initial_x_rate: 0.001
initial_y_rate: 0.001
